lastAccountName: NotexTeam
timestamps:
  login: 1632503942237
  logout: 1632509809831
ipAddress: 128.74.120.24
lastlocation:
  world: lobby
  x: 99.14980299561736
  y: 90.78260098961131
  z: 114.85817638166802
  yaw: 182.84576
  pitch: 18.149778
afk: false
