lastAccountName: BaGeT1337
timestamps:
  login: 1632509131093
  logout: 1632509809832
ipAddress: 188.244.253.157
lastlocation:
  world: lobby
  x: 98.22995543799954
  y: 89.45910493456323
  z: 107.42455484058482
  yaw: 352.49594
  pitch: -3.1502156
